Slucajna: inf [1, 8, 13, 20, 10, 23, 3, 29, 28, 22, 12, 26, 17, 21, 7, 6, 15, 5, 4, 24, 9]
Lokalna: 4588.709241567816 [0, 4, 11, 15, 12, 20, 10, 21, 1, 9]
Kaljenje: 3732.6805824774333 [0, 13, 20, 8, 12, 26, 14, 15, 9, 1, 21, 27]
Genetski: 3831.7076195411687 [0, 10, 20, 11, 12, 15, 9, 23, 8, 4, 26, 1, 21]